1.655331739503385791e+01,-4.591837816184768606e+00,1.837323836683420142e+00,6.589410773518118880e+00,-1.285591249076965781e+01,-4.591837816184768606e+00,4.913519977744361000e+00,3.489929519750820219e+00,-2.244625096738642522e+00,1.628342954462031589e+00,1.837323836683420142e+00,3.489929519750820219e+00,7.495264944709517430e+00,6.857494128917801524e-01,-2.263314445686293919e+00,6.589410773518118880e+00,-2.244625096738642522e+00,6.857494128917801524e-01,1.153819391704078079e+01,-2.530564082393800263e+00,-1.285591249076965781e+01,1.628342954462031589e+00,-2.263314445686293919e+00,-2.530564082393800263e+00,1.364129738681961435e+01
2.177580472617063734e+01,-8.874190599964919102e+00,2.765601154075466361e+00,1.661227419794158422e+01,-1.070920708067765226e+01,-8.874190599964919102e+00,8.428779232037717506e+00,3.461713330971766922e+00,-4.808151439810062655e+00,2.986191983270585215e+00,2.765601154075466361e+00,3.461713330971766922e+00,1.141913897165064284e+01,9.266082231337618325e+00,-1.734644620405384918e+00,1.661227419794158422e+01,-4.808151439810062655e+00,9.266082231337618325e+00,2.269027436074081194e+01,-8.694816476235684988e+00,-1.070920708067765226e+01,2.986191983270585215e+00,-1.734644620405384918e+00,-8.694816476235684988e+00,7.934157207771985298e+00
2.891842985025901314e+01,-1.242930345293562766e+01,3.822418469374106564e+00,1.611214060751877142e+01,-1.675324544510336366e+01,-1.242930345293562766e+01,7.850865198566090442e+00,7.190708368483723634e-01,-7.024611414611152682e+00,7.035936209359330284e+00,3.822418469374106564e+00,7.190708368483723634e-01,4.977206935923778275e+00,3.952430508766557438e+00,-4.633114756840369108e-01,1.611214060751877142e+01,-7.024611414611152682e+00,3.952430508766557438e+00,1.662917442480517494e+01,-7.251112526330399710e+00,-1.675324544510336366e+01,7.035936209359330284e+00,-4.633114756840369108e-01,-7.251112526330399710e+00,1.355042747647505230e+01
1.780630497206012208e+01,-5.968469139715129934e+00,5.293102318810986695e+00,1.456803956986438209e+01,-9.371509722288443811e+00,-5.968469139715129934e+00,9.235778228774083942e+00,2.443436416341386419e+00,-4.301818103858304987e+00,-2.414356100119926740e+00,5.293102318810986695e+00,2.443436416341386419e+00,7.236932932810886676e+00,7.202827907475229274e+00,-3.867480155254206409e+00,1.456803956986438209e+01,-4.301818103858304987e+00,7.202827907475229274e+00,2.045399018016333770e+01,-7.323291059868838104e+00,-9.371509722288443811e+00,-2.414356100119926740e+00,-3.867480155254206409e+00,-7.323291059868838104e+00,1.268492289495329395e+01
3.101376659542346204e+01,-8.909317481786517945e+00,2.620809602076065392e+00,1.793747047098175784e+01,-1.838752658118152539e+01,-8.909317481786517945e+00,7.572752050264314860e+00,3.664229535184082565e+00,-4.032451653321544427e+00,2.858930062445294240e+00,2.620809602076065392e+00,3.664229535184082565e+00,6.725919941390894330e+00,4.246410996957048489e+00,-1.432423514439099543e+00,1.793747047098175784e+01,-4.032451653321544427e+00,4.246410996957048489e+00,1.478421757721480745e+01,-9.506744800045240140e+00,-1.838752658118152539e+01,2.858930062445294240e+00,-1.432423514439099543e+00,-9.506744800045240140e+00,1.613224656030086734e+01
3.475292005114476268e+01,-1.437430667933820772e+01,1.196383818492415152e+00,2.298442350619194485e+01,-2.270137726005475187e+01,-1.437430667933820772e+01,9.916533140990138051e+00,1.600113083048527285e+00,-1.065432262218800119e+01,6.984917099080834468e+00,1.196383818492415152e+00,1.600113083048527285e+00,6.053518150497890993e+00,3.238899835834071705e+00,-7.343272827174456285e-01,2.298442350619194485e+01,-1.065432262218800119e+01,3.238899835834071705e+00,2.099629061560197485e+01,-1.324612069459032249e+01,-2.270137726005475187e+01,6.984917099080834468e+00,-7.343272827174456285e-01,-1.324612069459032249e+01,1.817817401753736206e+01
2.787979849273460786e+01,-6.440266602585446698e+00,7.479863636906845414e+00,1.867061530914567058e+01,-1.433519385639795551e+01,-6.440266602585446698e+00,5.373427294187307801e+00,9.224829855928120548e-01,-2.940761470974306846e+00,1.703108965335339287e+00,7.479863636906845414e+00,9.224829855928120548e-01,6.467329737074628326e+00,6.807729685635313999e+00,-3.147025771644242909e+00,1.867061530914567058e+01,-2.940761470974306846e+00,6.807729685635313999e+00,1.856320318752240084e+01,-8.416458351443221630e+00,-1.433519385639795551e+01,1.703108965335339287e+00,-3.147025771644242909e+00,-8.416458351443221630e+00,1.138568411938255309e+01
3.318445486776395370e+01,-1.239311862918908425e+01,-6.433167665946024072e-02,1.792112238688335779e+01,-1.732948433048261094e+01,-1.239311862918908425e+01,1.314783115374264533e+01,3.800278483230962401e+00,-1.047706390326625758e+01,2.792660323661265043e+00,-6.433167665946024072e-02,3.800278483230962401e+00,6.411406259983855271e+00,2.993530110585526316e+00,-6.517504118936124913e-01,1.792112238688335779e+01,-1.047706390326625758e+01,2.993530110585526316e+00,1.917723058568132544e+01,-6.261298232714935352e+00,-1.732948433048261094e+01,2.792660323661265043e+00,-6.517504118936124913e-01,-6.261298232714935352e+00,1.285919364055240699e+01
1.814701207488250390e+01,-4.112310125334289523e+00,6.472347869032282652e+00,1.580264798006811588e+01,-6.521421802518704958e+00,-4.112310125334289523e+00,4.951172120700674029e+00,1.250043150107642775e+00,-2.923607047075143850e+00,-1.018591646985840038e+00,6.472347869032282652e+00,1.250043150107642775e+00,6.382895734508706731e+00,7.916840980497973135e+00,-3.693106989254815176e+00,1.580264798006811588e+01,-2.923607047075143850e+00,7.916840980497973135e+00,2.085246233895579948e+01,-5.462735378005571185e+00,-6.521421802518704958e+00,-1.018591646985840038e+00,-3.693106989254815176e+00,-5.462735378005571185e+00,6.145299764622488503e+00
2.830290958856520689e+01,-7.757605494570409377e+00,3.529840253058066590e+00,1.879908111990048170e+01,-1.591024443189223270e+01,-7.757605494570409377e+00,9.918797873511252305e+00,7.374918070576418572e+00,-6.192101764563481936e+00,2.546918251789499266e+00,3.529840253058066590e+00,7.374918070576418572e+00,1.695175888243003470e+01,5.024083266154013572e+00,-7.713643455752600131e-01,1.879908111990048170e+01,-6.192101764563481936e+00,5.024083266154013572e+00,1.806347579264305736e+01,-7.972619727783998300e+00,-1.591024443189223270e+01,2.546918251789499266e+00,-7.713643455752600131e-01,-7.972619727783998300e+00,1.346215877238046055e+01
1.528360468501827896e+01,-7.449989630086690795e+00,6.806305398882663005e-02,6.696077943963914869e+00,-1.034034997918777776e+01,-7.449989630086690795e+00,7.926733523853656926e+00,3.292290736254362304e+00,1.320916672678657533e-01,3.515631587040391359e+00,6.806305398882663005e-02,3.292290736254362304e+00,6.614171308998507470e+00,4.838626287104315971e+00,1.423407691136714670e-01,6.696077943963914869e+00,1.320916672678657533e-01,4.838626287104315971e+00,1.190148849927809138e+01,-5.113782495680680107e+00,-1.034034997918777776e+01,3.515631587040391359e+00,1.423407691136714670e-01,-5.113782495680680107e+00,9.998062679086508808e+00
3.117507394016745081e+01,-1.199813935110491769e+01,-3.149583234677476806e+00,1.710606620147393997e+01,-2.015146312562039554e+01,-1.199813935110491769e+01,8.433424991695439132e+00,5.566268692578405286e+00,-4.425849459763764315e+00,6.624759433138335929e+00,-3.149583234677476806e+00,5.566268692578405286e+00,9.538060998302098525e+00,1.749076262961291706e+00,3.422507705391083288e+00,1.710606620147393997e+01,-4.425849459763764315e+00,1.749076262961291706e+00,1.423430308513327702e+01,-1.076507166904133328e+01,-2.015146312562039554e+01,6.624759433138335929e+00,3.422507705391083288e+00,-1.076507166904133328e+01,1.611646387653524215e+01
4.140079130310475364e+01,-1.708028520564995745e+01,-7.010175713167086542e+00,2.604483385173729104e+01,-1.917710404759224829e+01,-1.708028520564995745e+01,1.539796536597394550e+01,1.213336310116020833e+01,-9.928017126649780977e+00,5.909754429148302179e+00,-7.010175713167086542e+00,1.213336310116020833e+01,1.675848947134309697e+01,-4.090275303488980718e+00,2.242771323102668468e+00,2.604483385173729104e+01,-9.928017126649780977e+00,-4.090275303488980718e+00,2.549142196074243216e+01,-9.164461585441255664e+00,-1.917710404759224829e+01,5.909754429148302179e+00,2.242771323102668468e+00,-9.164461585441255664e+00,1.345801194392929467e+01
4.595473850959442785e+01,-1.642485072610228869e+01,5.508636660175796784e+00,3.105012769632716996e+01,-2.139144253431190279e+01,-1.642485072610228869e+01,1.041144331974783555e+01,1.899839743230453015e+00,-1.026642883047087373e+01,4.787592987009189116e+00,5.508636660175796784e+00,1.899839743230453015e+00,6.597620696109822269e+00,4.211231609153490041e+00,-3.821960532811195854e+00,3.105012769632716996e+01,-1.026642883047087373e+01,4.211231609153490041e+00,2.762369421058712504e+01,-1.411179854431831870e+01,-2.139144253431190279e+01,4.787592987009189116e+00,-3.821960532811195854e+00,-1.411179854431831870e+01,1.494035861134781307e+01
3.477530893234413156e+01,-1.192411471708436288e+01,4.064036186222202751e+00,1.927256450113020847e+01,-2.236266684901040591e+01,-1.192411471708436288e+01,7.638654626441419460e+00,1.983154151994007242e+00,-5.591551006372564636e+00,5.746754780295029619e+00,4.064036186222202751e+00,1.983154151994007242e+00,6.738452876806887204e+00,5.672149890029331232e+00,-2.434414938073814927e+00,1.927256450113020847e+01,-5.591551006372564636e+00,5.672149890029331232e+00,1.813992135583653820e+01,-1.005815468794798839e+01,-2.236266684901040591e+01,5.746754780295029619e+00,-2.434414938073814927e+00,-1.005815468794798839e+01,1.831863914456475939e+01
1.881971531093079264e+01,-3.877085615179992839e+00,3.574772356615475655e+00,1.352425910051264957e+01,-1.489050321372506147e+01,-3.877085615179992839e+00,7.726172664452745309e+00,4.922721682214947769e+00,-3.292485933036353618e+00,-2.924066337657031944e+00,3.574772356615475655e+00,4.922721682214947769e+00,9.266681885217101566e+00,3.064423774925082888e+00,-3.458477971458298494e+00,1.352425910051264957e+01,-3.292485933036353618e+00,3.064423774925082888e+00,1.320429202102526745e+01,-1.024199247033162585e+01,-1.489050321372506147e+01,-2.924066337657031944e+00,-3.458477971458298494e+00,-1.024199247033162585e+01,2.515045208524795228e+01
2.073772376961526476e+01,-5.106297423849284201e+00,-1.152766990449233669e-01,1.060065559051243689e+01,-1.517226324826450146e+01,-5.106297423849284201e+00,8.781928883144821896e+00,7.556897873836881274e+00,-1.357950157489129950e+00,1.417210955003502804e+00,-1.152766990449233669e-01,7.556897873836881274e+00,1.229930569995312695e+01,3.339377593147129009e+00,1.435797310639031210e-01,1.060065559051243689e+01,-1.357950157489129950e+00,3.339377593147129009e+00,9.144357994792651212e+00,-6.943423915454127737e+00,-1.517226324826450146e+01,1.417210955003502804e+00,1.435797310639031210e-01,-6.943423915454127737e+00,1.404233470756712698e+01
1.365473056744902181e+01,-5.856385921878144885e+00,9.145087539692487999e-01,6.235838947957722311e+00,-1.229278535699828723e+01,-5.856385921878144885e+00,5.275783019153678310e+00,1.252345639888122086e+00,-1.503354101740872917e+00,4.568090311552851723e+00,9.145087539692487999e-01,1.252345639888122086e+00,3.183907772792974100e+00,1.762437226960337666e+00,3.990959692022987282e-01,6.235838947957722311e+00,-1.503354101740872917e+00,1.762437226960337666e+00,7.244980065101559674e+00,-4.359894245351787490e+00,-1.229278535699828723e+01,4.568090311552851723e+00,3.990959692022987282e-01,-4.359894245351787490e+00,1.575413329545699703e+01
3.210599896511587303e+01,-1.308373295899621347e+01,-2.611738119571761718e+00,1.786574199359595028e+01,-1.842963062067648394e+01,-1.308373295899621347e+01,1.442983685197305199e+01,1.234864372032048152e+01,-5.829320420711388451e+00,4.379113977968059679e+00,-2.611738119571761718e+00,1.234864372032048152e+01,1.821436790310425735e+01,1.752915169073765655e+00,-7.742911468408660847e-01,1.786574199359595028e+01,-5.829320420711388451e+00,1.752915169073765655e+00,1.345228463758844839e+01,-9.738291432286475313e+00,-1.842963062067648394e+01,4.379113977968059679e+00,-7.742911468408660847e-01,-9.738291432286475313e+00,1.381559489711324140e+01
1.150674005353075913e+01,-5.003879100201456431e+00,4.070169269843674220e-01,4.929208802678796353e+00,-6.657828923506137642e+00,-5.003879100201456431e+00,4.573191564303826340e+00,8.224535385905215046e-01,-2.874813106883788549e+00,2.039364681238183152e+00,4.070169269843674220e-01,8.224535385905215046e-01,6.571462120816053520e+00,3.310323449215976765e+00,3.697854032627949206e+00,4.929208802678796353e+00,-2.874813106883788549e+00,3.310323449215976765e+00,9.021295900776738819e+00,-2.437411655828179147e-01,-6.657828923506137642e+00,2.039364681238183152e+00,3.697854032627949206e+00,-2.437411655828179147e-01,1.108284681758957113e+01
2.920077419163932575e+01,-1.190144338959441583e+01,-3.181667325500727728e+00,2.167027198124637621e+01,-1.831167181924805831e+01,-1.190144338959441583e+01,8.366161885864634939e+00,4.872886451670678909e+00,-8.731368937588541712e+00,6.835339531330962615e+00,-3.181667325500727728e+00,4.872886451670678909e+00,1.042622606525985418e+01,-1.608983666785656963e+00,2.904065843400352342e+00,2.167027198124637621e+01,-8.731368937588541712e+00,-1.608983666785656963e+00,2.360174907746472073e+01,-1.225232901526465845e+01,-1.831167181924805831e+01,6.835339531330962615e+00,2.904065843400352342e+00,-1.225232901526465845e+01,1.316403116904615622e+01
7.259144011934058938e+01,-3.233088840463189229e+01,3.647913758647063798e+00,3.754642522692271456e+01,-2.084060416255349324e+01,-3.233088840463189229e+01,1.849450914144936675e+01,2.017357851681816694e+00,-1.428119430518581012e+01,6.459468107912303303e+00,3.647913758647063798e+00,2.017357851681816694e+00,6.554823176991146916e+00,5.313984910659669048e+00,-1.943530214696362890e+00,3.754642522692271456e+01,-1.428119430518581012e+01,5.313984910659669048e+00,2.567127334635360825e+01,-1.183648445366751822e+01,-2.084060416255349324e+01,6.459468107912303303e+00,-1.943530214696362890e+00,-1.183648445366751822e+01,1.147125070910803402e+01
2.519054600952386735e+01,-1.223972583667863034e+01,-1.580373090642324119e+00,1.218969814986168210e+01,-1.382849461572721772e+01,-1.223972583667863034e+01,1.689775525691322144e+01,9.822115906391939433e+00,-3.739338035588149811e+00,1.777623794429842974e+00,-1.580373090642324119e+00,9.822115906391939433e+00,9.800808707954914212e+00,2.148491531070650051e+00,-2.654840551106313118e+00,1.218969814986168210e+01,-3.739338035588149811e+00,2.148491531070650051e+00,1.080273005815116960e+01,-6.536213153410024290e+00,-1.382849461572721772e+01,1.777623794429842974e+00,-2.654840551106313118e+00,-6.536213153410024290e+00,1.301123009309081624e+01
3.598278493711251969e+01,-1.280821477452012402e+01,5.019251590618501346e+00,1.890768628561929532e+01,-1.705287993803468183e+01,-1.280821477452012402e+01,8.650803323332439732e+00,9.059454283995240775e-01,-7.817078967946967438e+00,4.311311629408791646e+00,5.019251590618501346e+00,9.059454283995240775e-01,9.541127996317877447e+00,7.920905277779330511e+00,-6.547589169293938083e-01,1.890768628561929532e+01,-7.817078967946967438e+00,7.920905277779330511e+00,1.740027158203409385e+01,-6.047642547248358369e+00,-1.705287993803468183e+01,4.311311629408791646e+00,-6.547589169293938083e-01,-6.047642547248358369e+00,1.108352083794179599e+01
9.429269713637966177e+00,-3.652967827516368615e+00,7.265748628477654292e-02,5.819522918003849909e+00,-4.843642672050975762e+00,-3.652967827516368615e+00,4.208195187329908826e+00,1.069632551808244791e+00,-2.988276232671427834e+00,1.924491191449804184e-01,7.265748628477654292e-02,1.069632551808244791e+00,3.422501005836662280e+00,1.065567583664009055e+00,4.556771621141189610e-01,5.819522918003849909e+00,-2.988276232671427834e+00,1.065567583664009055e+00,9.732401249809182531e+00,-1.135205617982711690e+00,-4.843642672050975762e+00,1.924491191449804184e-01,4.556771621141189610e-01,-1.135205617982711690e+00,5.351142250260907396e+00
3.029834731370734957e+01,-9.898228201566157125e+00,7.439770883545097746e+00,2.120543280623139282e+01,-1.337445256569163377e+01,-9.898228201566157125e+00,6.378988514041479263e+00,-1.619145412839786413e+00,-6.564029682873501415e+00,9.336068615282890892e-01,7.439770883545097746e+00,-1.619145412839786413e+00,5.096779363426934495e+00,6.342378269661544721e+00,-2.020027975831199196e+00,2.120543280623139282e+01,-6.564029682873501415e+00,6.342378269661544721e+00,2.754623067004922632e+01,-1.187051003580414310e+01,-1.337445256569163377e+01,9.336068615282890892e-01,-2.020027975831199196e+00,-1.187051003580414310e+01,1.353368515153354679e+01
1.656897238762034874e+01,-1.550987147668345889e+00,3.228572571096766541e+00,6.664843947177192973e+00,-9.801395478516342408e+00,-1.550987147668345889e+00,6.520960330214657930e+00,2.391563895924135430e+00,-1.445311408206978676e+00,-1.528324281410363694e+00,3.228572571096766541e+00,2.391563895924135430e+00,9.027005424433095726e+00,3.986450328585260827e+00,9.238788689648474994e-02,6.664843947177192973e+00,-1.445311408206978676e+00,3.986450328585260827e+00,7.843781969253976527e+00,-2.316475978564529914e+00,-9.801395478516342408e+00,-1.528324281410363694e+00,9.238788689648474994e-02,-2.316475978564529914e+00,9.673606896648877296e+00
2.596546968162735425e+01,-7.634121731719821113e+00,7.279120440922508095e+00,1.675671332336595043e+01,-1.528769195391898705e+01,-7.634121731719821113e+00,1.013455815652541858e+01,3.322237306390400935e+00,-5.609654922433095159e+00,1.095758634601073034e+00,7.279120440922508095e+00,3.322237306390400935e+00,1.300252107293503911e+01,5.984310368015531623e+00,-3.637173215154683614e+00,1.675671332336595043e+01,-5.609654922433095159e+00,5.984310368015531623e+00,1.560594413012227299e+01,-8.797055010210138803e+00,-1.528769195391898705e+01,1.095758634601073034e+00,-3.637173215154683614e+00,-8.797055010210138803e+00,1.378308090698105914e+01
3.967297539229974035e+01,-1.488143806947924830e+01,-1.230704586438128967e+00,1.541205524451212838e+01,-2.405523508856280301e+01,-1.488143806947924830e+01,9.691789539213072402e+00,3.189145350007266622e+00,-4.667804012100414290e+00,6.397174177893417912e+00,-1.230704586438128967e+00,3.189145350007266622e+00,4.094336665417526611e+00,1.602412113816462202e+00,3.570033164247751190e-01,1.541205524451212838e+01,-4.667804012100414290e+00,1.602412113816462202e+00,1.437696966968000822e+01,-8.575168710111601200e+00,-2.405523508856280301e+01,6.397174177893417912e+00,3.570033164247751190e-01,-8.575168710111601200e+00,1.978366123615259653e+01
2.911735457143011274e+01,-1.136339138531513981e+01,6.729863990672795282e+00,1.623370572186895444e+01,-1.475178799258309326e+01,-1.136339138531513981e+01,7.534991281399551433e+00,-2.385079403611433113e-01,-4.854013351782946906e+00,3.434394953944287288e+00,6.729863990672795282e+00,-2.385079403611433113e-01,7.917625229308972834e+00,7.721486596736434116e+00,-4.568468650182778035e+00,1.623370572186895444e+01,-4.854013351782946906e+00,7.721486596736434116e+00,1.500270851033317321e+01,-9.216563699596303394e+00,-1.475178799258309326e+01,3.434394953944287288e+00,-4.568468650182778035e+00,-9.216563699596303394e+00,1.149503857711931865e+01
1.649143872690390111e+01,-1.157276466991781660e+01,-1.654710913155901464e+00,1.412863154640438879e+01,-4.435428009514637004e+00,-1.157276466991781660e+01,2.134469985120804125e+01,6.435967023830639455e+00,-1.334905906135086084e+01,-6.539154227518015894e+00,-1.654710913155901464e+00,6.435967023830639455e+00,6.811556272440827620e+00,5.411168724197444879e-01,-2.242496006344393056e+00,1.412863154640438879e+01,-1.334905906135086084e+01,5.411168724197444879e-01,2.708318848852685434e+01,1.288540436981409965e+00,-4.435428009514637004e+00,-6.539154227518015894e+00,-2.242496006344393056e+00,1.288540436981409965e+00,1.042532481463091010e+01
4.093595503830425031e+01,-1.604386176274183029e+01,3.147904136889145832e+00,2.861541744673744958e+01,-2.660188237726061544e+01,-1.604386176274183029e+01,9.289662383246025001e+00,1.493028944060068142e+00,-1.023910113125174348e+01,9.364579820870138960e+00,3.147904136889145832e+00,1.493028944060068142e+00,6.111521605452739259e+00,7.426045352841409652e+00,-9.677266702063833659e-01,2.861541744673744958e+01,-1.023910113125174348e+01,7.426045352841409652e+00,3.124688662455051613e+01,-1.488946429341011068e+01,-2.660188237726061544e+01,9.364579820870138960e+00,-9.677266702063833659e-01,-1.488946429341011068e+01,2.070324949109853563e+01
2.868839791220777613e+01,-1.107576677479478633e+01,4.541798786986838365e+00,2.030703560763904392e+01,-1.741824374021398469e+01,-1.107576677479478633e+01,7.660181281338492632e+00,3.592355968626894519e-02,-7.520677942346469358e+00,4.543644318947072769e+00,4.541798786986838365e+00,3.592355968626894519e-02,4.981213166750094068e+00,4.735390301912737243e+00,-2.268866695673009470e+00,2.030703560763904392e+01,-7.520677942346469358e+00,4.735390301912737243e+00,2.039580717281945610e+01,-1.135704833984171813e+01,-1.741824374021398469e+01,4.543644318947072769e+00,-2.268866695673009470e+00,-1.135704833984171813e+01,1.532328596738348558e+01
4.165557382814076703e+01,-1.409005916823993232e+01,1.052096451261580512e+01,2.827532277893332591e+01,-2.066597854062577255e+01,-1.409005916823993232e+01,8.356792255090207178e+00,-7.360618692327525192e-01,-9.974123395790588376e+00,5.709676500711958980e+00,1.052096451261580512e+01,-7.360618692327525192e-01,8.121525571532460575e+00,7.217747597308806107e+00,-4.039322152703603841e+00,2.827532277893332591e+01,-9.974123395790588376e+00,7.217747597308806107e+00,2.585807303139125679e+01,-1.373400774924879464e+01,-2.066597854062577255e+01,5.709676500711958980e+00,-4.039322152703603841e+00,-1.373400774924879464e+01,1.306238517498008811e+01
2.522969231322801065e+01,-1.074991203732599487e+01,-9.910087065658156336e-01,6.987714237829130148e+00,-4.300602682197645521e+00,-1.074991203732599487e+01,1.006666914347501773e+01,5.972256508286881704e+00,-2.199608260792305536e+00,9.793705048078251707e-01,-9.910087065658156336e-01,5.972256508286881704e+00,7.780835051314386241e+00,1.920619422525552622e+00,4.753552022404252120e-01,6.987714237829130148e+00,-2.199608260792305536e+00,1.920619422525552622e+00,5.735230225521150693e+00,-1.516272614600655988e+00,-4.300602682197645521e+00,9.793705048078251707e-01,4.753552022404252120e-01,-1.516272614600655988e+00,4.852283390841144239e+00
1.150166911489110078e+01,-2.615217488577681326e+00,1.283630346303659131e+00,1.017192048763600809e+01,-7.694366777155360104e+00,-2.615217488577681326e+00,1.470779460658999405e+01,9.205574257511912606e+00,-6.782177240032990717e+00,-7.369958785407709989e+00,1.283630346303659131e+00,9.205574257511912606e+00,1.144417767678805120e+01,-7.618149517762855538e-01,-3.303570250183991863e+00,1.017192048763600809e+01,-6.782177240032990717e+00,-7.618149517762855538e-01,2.136795215669458514e+01,-3.871354410575147398e+00,-7.694366777155360104e+00,-7.369958785407709989e+00,-3.303570250183991863e+00,-3.871354410575147398e+00,1.508187529681631744e+01
2.746569027621543668e+01,-7.671162641764035506e+00,2.057540854913673556e+00,1.544899211539456019e+01,-1.929294849067257900e+01,-7.671162641764035506e+00,8.067620459669489819e+00,2.727230550379064145e+00,-3.757810621716859867e+00,2.513279724301943574e+00,2.057540854913673556e+00,2.727230550379064145e+00,1.523615534960002194e+01,9.234279945780841103e+00,3.406948436181408191e+00,1.544899211539456019e+01,-3.757810621716859867e+00,9.234279945780841103e+00,1.635299051628185651e+01,-7.632945450817373079e+00,-1.929294849067257900e+01,2.513279724301943574e+00,3.406948436181408191e+00,-7.632945450817373079e+00,1.931862795146233935e+01
2.299338380438663876e+01,-9.456479964227561652e+00,-2.114087796270408548e-01,1.674520532100914494e+01,-1.371095915633014251e+01,-9.456479964227561652e+00,1.129442181131089207e+01,6.006491273351323379e+00,-2.449080854387079842e-02,2.800251214962054203e+00,-2.114087796270408548e-01,6.006491273351323379e+00,7.305159606875808898e+00,6.479591635437016883e+00,-1.604321780643443551e+00,1.674520532100914494e+01,-2.449080854387079842e-02,6.479591635437016883e+00,2.630397424303412990e+01,-1.266304955025618639e+01,-1.371095915633014251e+01,2.800251214962054203e+00,-1.604321780643443551e+00,-1.266304955025618639e+01,1.085955112168704062e+01
3.449770470475701956e+01,-1.111247110015351147e+01,2.720258207024690567e+00,1.557174850047610626e+01,-2.171300721809094725e+01,-1.111247110015351147e+01,1.004015217741430632e+01,4.668504415025351406e+00,-2.814659335315756294e+00,3.032361872550584092e+00,2.720258207024690567e+00,4.668504415025351406e+00,7.833562846604942287e+00,3.604763158335849926e+00,-3.007063593738564578e+00,1.557174850047610626e+01,-2.814659335315756294e+00,3.604763158335849926e+00,1.271293294337751156e+01,-1.018500970663149729e+01,-2.171300721809094725e+01,3.032361872550584092e+00,-3.007063593738564578e+00,-1.018500970663149729e+01,1.851372481180399987e+01
2.109847386773783384e+01,-1.357143372829761496e+00,4.576760385214893923e+00,1.104379046413844634e+01,-1.523344834863155839e+01,-1.357143372829761496e+00,5.439599188624758774e+00,3.363773125269549524e+00,-1.508484457114743771e+00,-1.679264179787413047e+00,4.576760385214893923e+00,3.363773125269549524e+00,9.076393455902369567e+00,7.762185753064382965e+00,-1.935841413286690349e+00,1.104379046413844634e+01,-1.508484457114743771e+00,7.762185753064382965e+00,1.645200783419805646e+01,-2.850865987166895099e+00,-1.523344834863155839e+01,-1.679264179787413047e+00,-1.935841413286690349e+00,-2.850865987166895099e+00,1.648225363428194257e+01
3.696264391526949566e+01,-1.225893494087293512e+01,1.440768810439626568e-01,2.143002329357440061e+01,-1.979292832248120604e+01,-1.225893494087293512e+01,1.004073806666268709e+01,5.291775209282058690e+00,-2.722698740414440710e+00,4.439219660773746412e+00,1.440768810439626568e-01,5.291775209282058690e+00,8.221197524284493241e+00,5.037074162641683728e+00,-1.042253345387258445e+00,2.143002329357440061e+01,-2.722698740414440710e+00,5.037074162641683728e+00,2.629694309692582266e+01,-8.835772922630011905e+00,-1.979292832248120604e+01,4.439219660773746412e+00,-1.042253345387258445e+00,-8.835772922630011905e+00,1.465224416629201087e+01
2.836988817812571639e+01,-1.453286600736884182e+01,8.807490976824214890e-01,1.459567035202370988e+01,-1.784321996282852041e+01,-1.453286600736884182e+01,1.126799102012659581e+01,1.978558090177182205e+00,-7.911719730997987199e+00,7.655571464690712702e+00,8.807490976824214890e-01,1.978558090177182205e+00,3.961262695562925540e+00,1.161666851461026884e+00,-1.552891025371975431e+00,1.459567035202370988e+01,-7.911719730997987199e+00,1.161666851461026884e+00,1.268895737515920175e+01,-8.293807135189446456e+00,-1.784321996282852041e+01,7.655571464690712702e+00,-1.552891025371975431e+00,-8.293807135189446456e+00,1.525300462184920391e+01
2.028982987833585838e+01,-7.995120943137734137e+00,2.490553859933411829e+00,8.986085728585207377e+00,-8.402848453951897056e+00,-7.995120943137734137e+00,9.997395640868619537e+00,3.980075537209639691e+00,-1.352153602541188215e+00,-2.144497514955868933e+00,2.490553859933411829e+00,3.980075537209639691e+00,7.294626714282903102e+00,4.744840911795944471e+00,-3.389876189756968916e+00,8.986085728585207377e+00,-1.352153602541188215e+00,4.744840911795944471e+00,1.073299958227769224e+01,-3.970961094609746667e+00,-8.402848453951897056e+00,-2.144497514955868933e+00,-3.389876189756968916e+00,-3.970961094609746667e+00,1.156576215443932831e+01
7.920288254477978285e+01,-2.738614677432327227e+01,2.378769670998862296e+01,6.758474458760318271e+01,-3.734640339083048843e+01,-2.738614677432327227e+01,1.427217531977439435e+01,-4.827713922361325238e+00,-2.215660191183533456e+01,1.042215127767584804e+01,2.378769670998862296e+01,-4.827713922361325238e+00,1.400338882591327838e+01,2.233980494008932283e+01,-1.100880466825959481e+01,6.758474458760318271e+01,-2.215660191183533456e+01,2.233980494008932283e+01,6.617200630424827068e+01,-3.098772331806033975e+01,-3.734640339083048843e+01,1.042215127767584804e+01,-1.100880466825959481e+01,-3.098772331806033975e+01,2.112349776180167638e+01
2.986505024463633973e+01,-6.762766544470260932e+00,4.697326748584417011e+00,2.056673350701137792e+01,-1.972163194323363200e+01,-6.762766544470260932e+00,4.584244459577588415e+00,8.974843977908094628e-01,-3.478267554865412947e+00,3.880107552926383985e+00,4.697326748584417011e+00,8.974843977908094628e-01,6.352731654757740820e+00,4.423000367015506029e+00,-1.188609835503584788e+00,2.056673350701137792e+01,-3.478267554865412947e+00,4.423000367015506029e+00,1.922831685897661558e+01,-1.382532644450754766e+01,-1.972163194323363200e+01,3.880107552926383985e+00,-1.188609835503584788e+00,-1.382532644450754766e+01,1.615177639277645838e+01
4.034777746018014000e+01,-1.561260256871646313e+01,4.866943568365497796e+00,2.888254931633254330e+01,-1.887935978719512420e+01,-1.561260256871646313e+01,1.186179919124968052e+01,-4.436037449334602756e-01,-1.286089807387180706e+01,8.719113172595097661e-01,4.866943568365497796e+00,-4.436037449334602756e-01,4.340945367376396469e+00,5.338968921019412228e+00,-7.724028249748371433e-01,2.888254931633254330e+01,-1.286089807387180706e+01,5.338968921019412228e+00,2.733010856812630252e+01,-9.649145339163583301e+00,-1.887935978719512420e+01,8.719113172595097661e-01,-7.724028249748371433e-01,-9.649145339163583301e+00,2.008306608530124393e+01
2.089147757071411604e+01,-1.504321374856668925e+01,-2.743589747649933130e+00,1.124093300371294113e+01,-6.672211893771396340e+00,-1.504321374856668925e+01,1.663840591398906810e+01,6.394374002532842383e+00,-8.012937653361804635e+00,4.168063337944239777e+00,-2.743589747649933130e+00,6.394374002532842383e+00,7.602119291625797359e+00,2.021541187956071628e+00,1.890607845464511438e+00,1.124093300371294113e+01,-8.012937653361804635e+00,2.021541187956071628e+00,1.184608188583365340e+01,-1.930474476410056095e+00,-6.672211893771396340e+00,4.168063337944239777e+00,1.890607845464511438e+00,-1.930474476410056095e+00,6.120896166211722722e+00
5.587213055664820871e+01,-3.000816119299876306e+01,9.039064458181528039e+00,4.283289670329674692e+01,-1.017989283826153546e+01,-3.000816119299876306e+01,2.587155988940828522e+01,2.883764391904799940e+00,-1.955014160215157659e+01,-8.559185058066973162e-02,9.039064458181528039e+00,2.883764391904799940e+00,1.183424630279639977e+01,1.062732417576297195e+01,-4.955982813252574282e+00,4.283289670329674692e+01,-1.955014160215157659e+01,1.062732417576297195e+01,3.889161063508073823e+01,-8.980437374761441660e+00,-1.017989283826153546e+01,-8.559185058066973162e-02,-4.955982813252574282e+00,-8.980437374761441660e+00,7.173074442302654674e+00
2.142763789995630574e+01,-4.900790032983565858e+00,6.323901305245523297e+00,9.736395466382095520e+00,-7.814481815422737121e+00,-4.900790032983565858e+00,7.876319081442289871e+00,4.019974378895289746e+00,-4.010886348632784149e+00,-6.812746422273392444e-01,6.323901305245523297e+00,4.019974378895289746e+00,9.746155624667807160e+00,3.336624324524260832e+00,-3.340957607421716435e+00,9.736395466382095520e+00,-4.010886348632784149e+00,3.336624324524260832e+00,8.881122969088995234e+00,-2.348457010651336496e+00,-7.814481815422737121e+00,-6.812746422273392444e-01,-3.340957607421716435e+00,-2.348457010651336496e+00,8.560918001872826366e+00
1.680605712116992478e+01,-6.621356138245444889e+00,-2.417125578700429323e+00,1.419126267425332699e+01,-1.327149577967431249e+01,-6.621356138245444889e+00,7.386782495990371622e+00,5.159200027010303558e+00,-5.441284799804729566e+00,3.161519871512019630e+00,-2.417125578700429323e+00,5.159200027010303558e+00,9.343203497601333396e+00,7.276054787621086262e-02,3.845794798233338696e+00,1.419126267425332699e+01,-5.441284799804729566e+00,7.276054787621086262e-02,1.629653842446048984e+01,-1.083194317143961349e+01,-1.327149577967431249e+01,3.161519871512019630e+00,3.845794798233338696e+00,-1.083194317143961349e+01,1.610150385275575857e+01
2.014009048834307691e+01,-3.421828588983693020e+00,6.866647489901539281e+00,1.429355466207804071e+01,-1.332344075738487099e+01,-3.421828588983693020e+00,9.280264958801724973e+00,2.967805261046421172e+00,-1.879099786519761173e+00,-1.976911033886003199e+00,6.866647489901539281e+00,2.967805261046421172e+00,8.570004018419933089e+00,9.223294402222371957e+00,-4.848772192914987400e+00,1.429355466207804071e+01,-1.879099786519761173e+00,9.223294402222371957e+00,1.853154822350420261e+01,-8.261106989441977078e+00,-1.332344075738487099e+01,-1.976911033886003199e+00,-4.848772192914987400e+00,-8.261106989441977078e+00,1.267894980691992757e+01
3.367828251836523634e+01,-1.448823789316140420e+01,1.545597340649956353e+00,1.715615750588361266e+01,-1.707844834817791835e+01,-1.448823789316140420e+01,1.065950043666492597e+01,4.209632022810257723e+00,-7.485150091787593496e+00,5.693547454066818503e+00,1.545597340649956353e+00,4.209632022810257723e+00,9.046342550020531448e+00,1.697861676408940479e+00,-1.734381524212931902e+00,1.715615750588361266e+01,-7.485150091787593496e+00,1.697861676408940479e+00,1.167926326992207464e+01,-7.916100799390707543e+00,-1.707844834817791835e+01,5.693547454066818503e+00,-1.734381524212931902e+00,-7.916100799390707543e+00,1.141057361907656187e+01
2.507257074370467365e+01,-1.263376548525978471e+01,-8.878011132135662509e-01,1.550955586267400577e+01,-1.274630020928391971e+01,-1.263376548525978471e+01,1.219892658263733054e+01,3.377737149402484373e+00,-8.758403956508280075e+00,4.460141760863197469e+00,-8.878011132135662509e-01,3.377737149402484373e+00,8.672310387414096766e+00,3.922873038608555074e+00,-2.366062059635776899e-02,1.550955586267400577e+01,-8.758403956508280075e+00,3.922873038608555074e+00,1.652266079164000345e+01,-8.898636544455120756e+00,-1.274630020928391971e+01,4.460141760863197469e+00,-2.366062059635776899e-02,-8.898636544455120756e+00,1.132799537692082836e+01
5.086495848498252315e+01,-2.400518890849004805e+01,7.736180460513146784e+00,3.257303770595270009e+01,-2.416448260631987566e+01,-2.400518890849004805e+01,1.509595027272727030e+01,3.066510880259952221e-01,-1.351041392497339544e+01,9.870107073746234860e+00,7.736180460513146784e+00,3.066510880259952221e-01,1.179993541957530923e+01,1.346345005821635787e+01,-3.948590592617194361e-01,3.257303770595270009e+01,-1.351041392497339544e+01,1.346345005821635787e+01,3.149831378481107791e+01,-1.006538275054712273e+01,-2.416448260631987566e+01,9.870107073746234860e+00,-3.948590592617194361e-01,-1.006538275054712273e+01,1.812947636127028161e+01
2.193279249054915070e+01,-7.844983232136516271e+00,3.426706493027267819e-01,1.461344635342648246e+01,-1.186702340770686881e+01,-7.844983232136516271e+00,8.188206428534703818e+00,5.754091695533739781e+00,-2.302805297985635491e+00,2.700307211288780262e+00,3.426706493027267819e-01,5.754091695533739781e+00,1.206323888567333391e+01,6.602540247602421530e+00,3.147906268353370951e+00,1.461344635342648246e+01,-2.302805297985635491e+00,6.602540247602421530e+00,1.681469430414068356e+01,-4.380583158828878609e+00,-1.186702340770686881e+01,2.700307211288780262e+00,3.147906268353370951e+00,-4.380583158828878609e+00,1.434927843272824077e+01
1.613145287592352872e+01,-6.559965739596506751e+00,-1.875728576009098036e-01,1.027492707358332069e+01,-6.885598714433727174e+00,-6.559965739596506751e+00,7.977666521415503809e+00,5.457443091164495108e+00,3.369889429905926104e+00,2.085979799873738660e-01,-1.875728576009098036e-01,5.457443091164495108e+00,8.137467221129535133e+00,6.880512150126123494e+00,-7.104925455697197467e-01,1.027492707358332069e+01,3.369889429905926104e+00,6.880512150126123494e+00,2.529449811643503310e+01,-1.121983096403009306e+01,-6.885598714433727174e+00,2.085979799873738660e-01,-7.104925455697197467e-01,-1.121983096403009306e+01,9.968382439369550596e+00
1.901304731439189410e+01,-1.165971255612527635e+01,-8.581972140754970946e-01,9.888527348686476870e+00,-4.012092245119133871e+00,-1.165971255612527635e+01,1.640550917129776209e+01,8.307077732126426639e+00,-5.240345186027024482e-01,-5.482033575045028861e+00,-8.581972140754970946e-01,8.307077732126426639e+00,9.404349325247723712e+00,5.662039067821567961e+00,-5.578459071691153071e+00,9.888527348686476870e+00,-5.240345186027024482e-01,5.662039067821567961e+00,1.623039467620498755e+01,-8.360642361201824357e+00,-4.012092245119133871e+00,-5.482033575045028861e+00,-5.578459071691153071e+00,-8.360642361201824357e+00,1.195789054427032561e+01
2.030083697146235977e+01,-8.013352043866561303e+00,-1.196496719253546503e+00,8.798947766379756175e+00,-1.419035775267938959e+01,-8.013352043866561303e+00,7.857731293154107455e+00,5.025611107151556567e+00,-8.813764265896965044e-01,3.642108034818279272e+00,-1.196496719253546503e+00,5.025611107151556567e+00,1.094365114046882326e+01,7.485696153014173682e+00,4.258045420144997983e+00,8.798947766379756175e+00,-8.813764265896965044e-01,7.485696153014173682e+00,1.416446827041726131e+01,-2.057028824107104636e+00,-1.419035775267938959e+01,3.642108034818279272e+00,4.258045420144997983e+00,-2.057028824107104636e+00,1.651118640897990630e+01
1.806699201387632314e+01,-2.194850138735246592e+00,5.734567162699449661e+00,1.464519758237116065e+01,-1.357057661202636467e+01,-2.194850138735246592e+00,6.333149853709130639e+00,4.368031929171259264e+00,7.027944719940955320e-02,-1.388973955506556779e+00,5.734567162699449661e+00,4.368031929171259264e+00,1.172474484045235421e+01,8.844069369260276758e+00,-4.758765600108364247e+00,1.464519758237116065e+01,7.027944719940955320e-02,8.844069369260276758e+00,1.947485725288668945e+01,-1.373573158871150746e+01,-1.357057661202636467e+01,-1.388973955506556779e+00,-4.758765600108364247e+00,-1.373573158871150746e+01,1.595526497851314218e+01
2.768197836210691776e+01,-1.016549942711156085e+01,-8.652096343849750015e-01,1.318210363264864959e+01,-1.649748461546781542e+01,-1.016549942711156085e+01,9.462843960824965706e+00,6.976141219502821400e+00,-2.419405487275746669e+00,6.973646459685074461e+00,-8.652096343849750015e-01,6.976141219502821400e+00,1.012924142551655748e+01,3.182140916344012194e+00,1.906651786286533090e+00,1.318210363264864959e+01,-2.419405487275746669e+00,3.182140916344012194e+00,1.131251027462100289e+01,-7.341810465785233220e+00,-1.649748461546781542e+01,6.973646459685074461e+00,1.906651786286533090e+00,-7.341810465785233220e+00,1.183544712340638405e+01
2.413563225566365134e+01,-1.307761732401226595e+01,3.574068908318639992e-01,1.265917271924623755e+01,-1.309968688337411713e+01,-1.307761732401226595e+01,1.142207855857353316e+01,3.015311680012799478e+00,-5.986507709078643380e+00,5.788384352534679422e+00,3.574068908318639992e-01,3.015311680012799478e+00,4.747065561213836382e+00,2.304635385532421754e+00,-5.306211951474676392e-01,1.265917271924623755e+01,-5.986507709078643380e+00,2.304635385532421754e+00,1.211135791530359818e+01,-6.606278534853141871e+00,-1.309968688337411713e+01,5.788384352534679422e+00,-5.306211951474676392e-01,-6.606278534853141871e+00,9.665882801826837678e+00
1.642548784035640352e+01,-2.084477196757154704e+00,9.088109017493732011e+00,1.269559645743618681e+01,-7.948670053969744131e+00,-2.084477196757154704e+00,1.889446337834927903e+01,1.965904209115391410e+01,2.891570099127235949e+00,-2.718985577640300022e+00,9.088109017493732011e+00,1.965904209115391410e+01,3.350218558896266074e+01,1.350348199922454917e+01,-3.413937677996586206e+00,1.269559645743618681e+01,2.891570099127235949e+00,1.350348199922454917e+01,1.705147420412755821e+01,-5.830138182027762461e+00,-7.948670053969744131e+00,-2.718985577640300022e+00,-3.413937677996586206e+00,-5.830138182027762461e+00,1.117642090150395440e+01
